0.112526 -0.262676
1.15832 1.10869
-0.722317 -1.00116
-0.0141929 -0.835939
-1.32315 -1.18543
0.0356086 0.129242
0.503845 1.1024
0.0519484 -0.294972
0.380693 0.640514
0.485192 0.567814
-0.599531 -1.14724
1.76338 1.35529
0.904797 0.824103
-2.09845 -1.95882
0.25477 -0.0382342
-0.189603 -0.241253
-0.361842 -1.20506
-0.419363 0.301205
1.0849 0.707754
-0.117198 -0.331193
-0.996614 -1.01592
1.08878 1.56977
-0.926581 -0.421525
-0.291398 -0.508224
-1.74686 -1.2808
-0.431989 -0.305916
-0.60312 -0.78283
-0.367016 -0.343551
-0.199676 -0.300135
-1.3712 -1.67431
0.0523689 -0.0159947
-1.36323 -1.30823
0.754177 0.4662
-0.539755 0.020496
0.761976 0.897906
-0.322347 0.13594
0.301669 0.385947
0.929203 0.0848543
1.03043 1.06371
-0.357705 -0.480397
-1.55024 -1.6035
0.23053 -0.00857303
0.538083 1.19021
1.17491 0.412801
-0.513345 -0.160659
0.0393962 -0.552426
-0.577889 0.327774
2.12897 1.08685
-0.512812 -0.0262939
1.03942 1.70176
-0.654053 -0.360329
0.44168 0.525647
0.831153 -0.00818889
0.853642 1.2883
-1.00418 -0.513517
1.00582 0.745089
0.935722 0.810373
-1.28032 -0.995097
0.261904 0.0155139
-0.00529168 0.262384
-0.8236 -0.993117
1.16795 0.694939
-0.942777 -0.939159
-0.0585673 -0.068957
1.22342 1.23543
-0.325018 -0.114954
0.357847 0.407321
-0.249954 0.0749462
-0.713416 -0.082427
0.103781 -0.20646
0.652611 0.660311
-0.887667 -0.615317
-0.283168 0.0307388
-0.322875 -0.45327
-0.752676 -0.20333
0.701218 0.715948
0.929133 0.455493
0.101224 -0.438039
0.67013 0.322165
-1.35795 -0.884576
-1.46084 -1.81239
-0.535702 -0.501937
-1.11305 -1.34427
-0.0625653 0.298308
-0.373391 0.155687
0.276511 0.26826
-0.294218 0.105505
0.00116199 0.0112103
-1.38255 -1.47236
-0.892259 -0.97281
-1.6391 -1.36264
-0.14624 0.0996926
0.911396 0.989954
1.98904 1.67407
-1.33956 -0.28178
-1.15409 -1.02303
0.468334 0.391898
-0.849272 -0.619855
-0.790337 0.0419064
-1.11056 -1.06003
-0.389339 -0.441133
1.19341 0.394078
0.825282 0.906807
-1.33136 -1.06671
0.0974935 -0.121101
-0.245598 -0.756643
-1.36969 -1.591
1.95007 1.95685
-0.332968 -0.101629
-0.43083 -0.46649
-0.357019 0.160416
-0.242637 -0.226586
-0.621793 -1.07911
0.366692 0.579088
0.639701 0.667257
-1.01067 -0.193898
0.277426 0.347269
0.508085 0.919622
0.569547 0.296004
-0.590227 -0.24073
0.0149005 0.0460838
0.013125 -0.352931
2.30494 2.87296
-0.0250164 -0.343971
-1.59682 -1.30339
-2.08699 -2.52412
1.1027 1.63362
0.619935 1.17215
-0.421373 -0.616246
1.15194 1.19512
0.0213155 1.08492
-1.48868 -1.51693
0.315287 1.21877
-1.06199 -0.528752
0.812706 0.543108
0.328335 0.222983
-0.644876 -0.705716
-0.531664 -0.527966
1.64431 1.547
0.913836 0.766781
-1.17716 -1.31294
0.157488 -0.113876
-0.257695 -0.277675
1.32253 0.630474
-1.57953 -1.82408
-0.165224 -0.421014
0.575181 0.85614
-1.48719 -1.02568
-0.221686 -0.462159
0.818159 1.01161
-0.673243 -0.488887
0.731767 1.20736
-1.69867 -1.56129
0.797683 -0.03276
0.582922 0.686119
0.791227 -0.347793
-0.713774 -0.777326
-1.69024 -1.98456
0.166872 0.36528
-0.886257 -0.633672
-0.424671 0.241702
2.26601 2.27693
1.25573 1.23702
-1.42967 -1.09758
-0.0129207 -0.186096
-0.709717 -0.755188
-0.703634 -0.363261
0.107213 0.179112
1.23163 0.241732
-0.557278 -0.675834
0.267662 -0.318684
0.765311 0.220468
-0.581961 -0.715884
0.222745 -0.2907
-0.94018 -1.21085
2.00905 1.9253
0.00752817 -1.11732
0.266089 0.470848
-0.178343 -0.139773
-0.184717 -0.172899
-0.662512 -0.56717
1.19559 0.302786
0.798865 1.40042
1.51549 1.42485
0.517042 0.150017
-0.0471504 -0.488649
-1.25811 -0.979295
-0.0385126 -0.0250018
1.23671 1.59881
-0.881579 -0.176651
0.814357 0.973048
-0.205831 -0.596709
1.70206 1.9222
0.461172 1.12272
-0.538559 -0.602051
-0.455529 0.292688
-0.751667 -1.16338
0.755234 -0.261144
-0.615126 -0.190424
0.375798 0.44721
0.824538 -0.113173
0.341927 -0.361676
-0.822238 -0.45626
0.551301 0.221792
-0.467984 -0.239125
-0.10536 0.905342
0.386218 0.0386268
-0.0931176 -0.55704
-1.3705 -1.262
-0.583009 -0.849481
0.248865 0.684565
0.238574 0.134792
0.736923 0.593433
-0.457163 0.0336045
1.37508 0.562444
-0.233621 0.0456085
0.926634 0.89863
0.812603 0.844454
0.642607 1.22149
0.716938 0.789987
-0.0432072 0.361794
0.799983 0.509545
-0.754192 -0.589614
0.855186 1.16768
0.282712 -0.057426
-0.702055 -0.41955
0.450457 0.435793
1.15437 0.405426
-0.156307 0.302187
-0.260632 -0.666941
-0.767541 -0.263765
0.376197 -0.235132
0.72636 0.185434
-0.395051 -0.397629
-2.74831 -2.93985
0.685364 0.906366
-0.617452 -0.295356
-0.913783 -0.631131
-0.279118 -0.259788
0.254626 0.139397
-0.212834 0.0926924
-0.627292 -0.356409
0.0542288 -0.0359787
-0.87671 -0.554118
0.496375 0.945588
0.861258 0.185602
-1.87945 -2.07244
0.539485 0.578727
1.10286 0.95904
0.350202 1.45342
-0.652196 -0.836663
-1.62743 -0.690251
0.258135 -0.094468
-0.221936 -0.299647
0.611387 -0.00503105
-0.231799 0.203634
-0.111581 0.209238
-0.593484 -0.724712
0.694759 0.502098
-0.390791 -0.97126
-0.0778676 0.332004
0.708619 0.936466
-1.79119 -1.40492
2.09668 1.74115
-0.337357 -0.619069
0.711823 1.47367
1.96369 2.02618
1.67968 1.2872
0.0669121 0.0243492
0.359076 0.0293603
0.638778 0.51064
-0.836325 -1.01385
0.987096 0.688935
1.07339 1.58328
1.20922 1.54691
-0.0101172 -0.00452769
0.133779 -0.438004
-0.811766 0.0075649
-0.0445725 -0.0630188
0.86973 0.804746
-1.51838 -1.55193
-0.465664 -0.0890537
0.840127 0.483043
0.970365 0.708031
-1.50374 -0.769035
-0.380436 -0.215618
1.04306 0.596402
1.26613 1.35331
-0.318571 -0.192827
0.582863 0.795726
0.964696 1.12398
0.22413 -0.24911
-0.571318 0.183388
-0.639034 -0.737641
0.968905 0.467685
0.510907 0.252764
-0.718931 -0.877602
-0.230072 -0.336735
1.5076 1.60105
-0.404613 0.209341
-0.178463 -0.363679
0.570004 1.12953
0.18301 -0.0658843
-2.55186 -2.40015
0.0793131 -0.683271
0.947531 1.69974
1.52093 1.74765
-1.18465 -1.00777
-0.523314 -0.512796
-0.239195 -0.51252
0.388383 0.929012
-0.811691 -1.38745
0.333435 -0.221271
0.924777 0.940504
1.44915 1.15618
1.00971 0.840145
-0.89251 -0.931452
1.44431 1.57188
-0.719102 -0.187438
3.37952 3.23171
0.303936 -0.126892
0.405971 1.01911
0.778912 1.12894
-0.335704 -0.751471
0.790352 0.842609
-0.0569632 0.546456
-1.44268 -1.3393
2.02146 1.79306
0.813109 1.19782
-0.545042 -0.412542
-1.48525 -1.8161
0.484188 0.583649
-0.354311 0.303111
-0.113747 -0.369574
-1.09255 -1.1407
0.835316 0.166544
-1.00278 -1.14398
0.220119 0.418203
-1.21182 -1.5593
1.38682 0.728255
-1.59527 -1.50937
-1.04782 -1.40638
-0.782776 -0.715348
0.677775 0.421629
-1.64215 -1.04425
-1.17451 -1.17308
-1.0317 -0.245255
0.967685 1.31771
-0.650713 -1.05061
1.71834 1.22612
-1.14306 -1.45554
0.847164 0.202119
0.140879 0.427198
1.76228 1.05101
0.530265 0.491445
0.078653 0.294641
0.389312 0.535832
0.767355 0.471035
0.110207 0.0687981
-0.464721 -0.531371
1.37115 1.60025
1.39635 1.80623
0.0217878 -0.0517044
-0.0401867 -0.19758
0.415891 0.484811
-0.522915 -0.185981
0.0782002 -0.161682
1.00219 1.37586
-0.848002 -0.852761
0.0264111 -0.36401
-0.0838843 0.181116
-0.332577 -0.3637
-1.62691 -1.35958
-1.47647 -1.56796
-1.08328 -0.790526
-0.68642 -1.42861
-0.235996 -0.72098
0.0525202 -0.523303
0.744418 0.747494
-0.632498 -1.14418
-1.43851 -1.20429
0.293535 0.357353
-0.20212 -0.258793
0.762062 0.146951
-0.08996 -0.46713
-0.964174 0.00303232
1.38738 1.52333
1.32471 1.33021
-2.41156 -2.57992
1.01454 1.61824
-0.160974 0.476782
0.068834 0.395268
0.906386 0.864013
0.440075 0.666061
0.802505 0.797916
2.25409 1.91605
-0.547105 -0.205908
0.591722 0.0299739
-0.815736 -0.51546
-0.0355431 0.743516
0.021955 0.134106
0.101042 -0.210172
-0.747388 -1.27649
-0.380972 -0.932832
0.391134 0.126884
-1.68336 -1.61734
-1.99218 -1.46651
-1.40276 -1.47721
-0.407977 -0.61851
0.257388 -0.222401
1.01276 0.556764
-0.176021 0.0385975
0.807153 1.12861
0.00274484 -0.20302
-0.241776 -0.235537
0.213022 -0.226914
-1.47076 -1.02165
0.279595 0.056483
-1.0216 -1.02592
-0.00244695 0.398227
0.955247 1.02124
0.407391 0.482421
0.609019 1.06271
-2.28248 -1.65492
0.281409 -0.0513084
1.13986 0.712318
-1.02758 -1.15692
-0.0916824 0.0685748
-1.47893 -2.23959
-0.296543 -0.419045
-1.08165 -0.98408
1.63804 1.31724
0.293598 -0.0797181
0.941023 0.649222
-1.44522 -1.84863
1.23596 1.05119
-0.614065 -1.7497
1.6291 1.50486
-0.16484 0.14567
0.312102 0.0706311
-1.50017 -1.10624
0.737668 1.27629
1.34391 1.72288
0.542852 -0.274096
-0.292645 -0.436437
-2.16662 -1.96032
-0.383199 0.388512
-0.798697 -1.1223
-0.995143 -0.423955
-1.07147 -1.08279
0.125394 -0.606673
0.626719 0.13291
0.770563 0.953899
-0.325613 -0.302547
-1.03633 -1.51877
0.16593 0.253031
0.470673 0.425874
1.97905 1.59993
0.496115 -0.121828
-0.0898066 0.176062
-0.480506 0.700686
0.59782 0.784844
-1.79021 -1.51604
0.919821 0.646206
0.829335 0.532389
0.0323428 0.39526
-0.83316 -0.467625
0.932842 0.762625
-0.027384 0.0488645
0.544492 0.392344
0.144403 -0.394446
0.550511 0.28315
1.35175 0.597014
0.577536 0.850595
0.0984908 -0.0821738
0.298853 0.185402
0.816702 0.159562
-0.109632 -0.295166
-0.229051 0.0586822
-0.336951 -0.110892
0.135129 0.806876
0.469457 0.552035
0.5327 1.11781
-1.66318 -2.14257
0.674807 0.473589
-0.487859 -0.987048
-1.70983 -1.84946
-0.117995 0.4874
-1.47686 -1.44005
0.256684 -0.0835814
-0.104581 0.0625057
0.640744 1.20403
2.05492 1.96105
-0.0966232 -1.09002
1.5222 1.53278
-1.77952 -1.25823
0.297966 0.0390782
0.555639 0.520604
-0.281649 -0.260693
-3.54387 -2.98989
1.70456 1.67417
2.16276 2.01429
-0.833313 -0.107024
1.65953 1.78753
-0.546655 -0.660967
1.0445 0.543315
-2.17234 -1.37184
1.28319 1.29203
1.48233 1.69378
1.46611 1.68091
0.537452 -0.114933
0.658588 -0.277852
1.10542 1.04626
0.727192 0.277598
1.21062 0.76069
-1.50397 -0.882773
-0.364097 0.344702
0.256174 0.0618267
-2.01866 -2.61286
0.943334 1.34987
0.218507 0.905954
0.98745 0.224377
1.29493 0.327635
0.0655171 0.209423
0.174573 -0.0311347
-1.37837 -1.37862
-0.943375 -1.19109
-1.13216 -1.09352
-0.250035 -0.356151
0.874257 0.799182
0.840308 0.813675
-0.568736 -1.13831
0.338799 0.580033
-0.355598 -0.741661
-0.40175 0.415765
1.08631 1.14851
-0.538748 -0.618279
-0.277381 0.158672
-0.357026 -0.00524595
1.39502 1.12756
0.623619 1.31532
-0.816484 -0.227744
0.933715 1.15202
-0.8119 -0.479592
2.25211 2.67482
-1.5471 -1.41292
-0.0194263 -0.199244
0.506876 0.463536
0.619425 0.729214
0.741189 0.786107
0.692579 0.354889
1.05411 0.906971
-1.11453 -1.065
0.423801 0.931298
0.94948 0.670312
-0.769443 -1.18334
0.242222 -0.174803
-2.14623 -1.99764
0.231616 -0.203936
-0.753499 -0.121161
0.753468 0.961324
0.576084 0.347393
0.392996 0.358244
1.75689 1.96237
0.573925 0.79074
1.26603 0.929512
-0.236764 0.0857088
0.0946123 0.26088
-0.0827791 0.93923
0.879972 1.0559
-2.17403 -1.28435
-0.378848 -1.71969
-1.03113 -1.53223
-0.0125454 1.01797
0.116785 0.461807
-0.807102 -0.717142
0.295976 0.119606
-0.619354 -0.860033
0.0487687 -0.709008
-1.22924 -0.882889
-0.913212 -0.533493
-0.110541 -0.379896
-1.08996 -0.489886
-0.514416 -0.5399
1.91269 2.18294
-0.869435 -1.03753
-0.0538864 0.0708743
-0.0311722 -0.314178
-0.30492 0.145126
0.0663992 -0.550979
0.158052 0.602655
0.427535 0.389944
1.03806 1.47968
-0.155483 0.0892326
0.471449 1.00185
-0.333248 -0.345995
0.650498 1.68956
0.168406 -0.254088
-0.995576 -0.854116
-1.47716 -2.10123
0.481675 0.80266
0.595932 0.403331
-0.231535 -0.693267
0.374836 0.577165
-0.187906 -0.658993
0.621472 1.20086
1.17114 0.120797
0.514369 1.10645
1.57744 1.24913
-1.46729 -1.51775
0.0246246 0.0845034
0.0982744 0.268001
-0.847109 -1.14578
-0.509099 -0.704468
-0.296518 0.104695
0.741145 -0.062252
-0.969727 -0.637103
0.983707 -0.125365
-0.133481 0.486621
1.05308 0.899798
0.853747 0.383413
-0.859133 -0.647692
-1.14344 -0.190952
0.383952 0.377162
3.27898 2.86961
-0.198445 -0.365307
0.0565446 0.112193
0.827229 0.849377
2.2713 2.12609
-0.471183 -0.755985
1.11115 1.38813
-0.189067 0.0381517
-0.697817 0.170137
0.623474 0.808328
1.91206 1.43217
2.06752 1.73187
1.01563 0.611083
0.469538 -0.262871
1.0509 1.14551
-0.162975 -0.484773
-1.41388 -1.09726
1.01154 1.52931
-0.44884 -0.661889
1.81119 1.77674
0.0263793 -0.495942
0.973677 0.524001
0.823039 0.764167
-0.262132 -0.0198811
1.22944 0.10942
0.562565 0.716003
1.87256 1.81298
0.419757 -0.049789
0.00301725 0.193919
0.010621 0.926668
0.963233 1.51258
-0.113773 0.197814
-1.14381 -0.789863
-0.0703439 0.515603
-0.55228 -0.230636
-1.35756 -0.399706
-0.884553 -0.125382
-0.0879818 0.0308682
-0.387984 0.0407677
-0.119304 0.299645
0.628057 0.367124
1.32596 1.07168
1.28028 0.728835
-0.700759 -0.318537
-0.720301 -1.07073
-0.768474 0.132519
0.287668 -0.0579639
0.563617 -0.178201
0.212019 -0.131683
1.2146 1.53923
0.788956 -0.133674
0.304557 -0.432609
0.902905 0.46599
-0.117473 -0.00107133
1.33686 1.66802
0.187867 0.300385
-0.933141 -1.61139
-0.12148 -0.340421
0.129282 0.817412
0.469077 -0.137824
1.29288 0.845873
0.543818 0.46646
1.20027 1.07054
-1.84547 -1.74168
-0.266319 -0.597607
1.78534 2.01298
0.687562 0.404327
0.415994 -0.0550822
-0.60239 -0.220914
1.75617 1.46277
-2.08895 -1.08727
1.69379 1.59987
2.63632 2.50814
-0.686754 -0.703295
-1.8947 -1.39698
0.996986 0.968079
-0.394442 -0.167954
-1.19345 -0.789478
-1.12382 -0.680341
1.20582 1.07889
1.26062 1.96171
-1.43008 -1.02639
-0.267975 0.672705
2.6717 2.1745
-1.00366 -1.1802
-0.66685 -1.58191
-0.680758 -1.02076
0.0367444 -0.438187
0.163202 0.0844145
-0.0100564 0.219454
0.216463 0.872857
-1.65566 -2.03295
0.0270702 0.159754
-0.127953 -0.579789
-0.252831 -0.41125
0.0399046 0.293642
0.532171 1.02357
-1.08149 0.159191
-0.862998 -0.35713
-0.415689 -0.48896
0.0707096 -0.466714
-0.178331 -0.00144849
-1.5992 -1.44814
-0.437229 -0.504335
-0.171329 0.559179
-0.38688 -1.07776
-0.36217 -0.282521
-0.667724 -1.00278
-1.08074 -0.980571
-0.647213 -0.452744
-0.288243 -0.871279
0.6773 0.632545
1.17077 1.33547
-0.601506 -0.67781
0.285904 -0.0376547
-1.04359 -1.12444
-0.362162 -0.446174
0.123097 0.397753
1.09403 0.720665
0.134095 0.324263
-0.27653 -0.544271
-1.25782 -0.58521
0.234145 0.624706
0.633143 -0.00730147
1.28285 1.64489
0.265222 -0.55393
-0.701454 -0.598642
1.58703 1.20216
-1.9396 -2.01861
-0.832155 -0.80505
0.792948 0.361813
-0.426597 -0.629106
-1.02312 -0.100226
2.46915 2.293
0.451152 0.635106
0.0354452 -0.0884662
0.644909 0.0916326
-0.293092 -0.478818
-0.396347 -0.445502
1.31328 0.810789
-0.384432 -1.08207
-1.45318 -1.23551
-0.501238 -1.24759
-1.49896 -2.13256
1.54251 1.49449
0.326757 -0.117077
-0.0125049 -0.248805
-0.384402 -0.202069
-0.360946 -0.419669
0.0953233 0.569312
2.02939 1.76315
-1.28363 -1.50437
0.294338 0.65212
1.66196 1.45095
1.11663 0.361783
-0.474914 -0.119168
-0.534672 -0.833781
2.58734 1.82416
-1.13574 -1.21486
-0.782825 -1.01349
-1.1849 -0.964482
2.63414 2.33341
0.921649 0.651044
0.754286 0.737849
-1.36088 -1.02541
-0.594697 -0.126621
0.234958 0.363727
-0.114723 0.0663063
-0.225088 -0.672637
-1.09828 -0.949291
-0.675681 0.159655
0.512954 0.338645
-0.259636 -0.552757
-0.392054 0.655495
0.378258 -0.252678
1.58089 1.41691
-0.370134 -0.879472
-1.08346 -0.899793
0.342738 -0.200228
-1.2509 -1.23875
-1.71186 -1.9187
1.45784 1.17516
1.78333 1.31231
-0.776149 -0.911052
0.0498101 0.212943
-0.45089 -0.400063
-2.85461 -2.03676
-0.372056 -0.0440688
-0.638503 -0.787058
2.59126 3.09649
0.100944 0.130015
1.78176 1.45386
0.896231 0.687485
-0.852028 -0.418073
2.08086 1.80182
-0.188729 -0.576491
0.344596 0.232687
-0.68061 -0.0871072
0.89309 0.212001
-1.78848 -2.21372
0.267734 0.0616181
0.280737 0.328009
-1.68856 -0.513248
-1.19902 -0.829947
0.0239017 -0.00882618
0.0599159 0.577637
1.52423 1.38572
-1.05439 -0.562158
0.760045 0.506204
1.11776 1.70038
-3.42003e-05 -0.428573
1.4017 1.05227
-0.00382126 0.337729
0.858796 1.34232
-0.903542 -0.218151
-0.70594 0.494464
-0.0868169 0.215292
-1.51273 -1.25484
-0.955377 -1.02051
1.81358 1.66377
0.949285 0.232617
1.07253 1.50255
0.0044574 -0.0207912
0.285997 0.328438
0.141604 -0.584643
-1.22258 -0.48341
0.0494786 0.460013
0.0884593 -0.631161
0.995284 1.05447
-0.111575 -0.0842
0.957739 0.561953
0.103256 0.0632786
-1.9921 -1.62091
0.283429 0.0338146
-0.609791 -1.01749
-0.0568577 0.284948
-1.19748 -0.426697
1.03218 0.708964
0.212772 0.106677
1.06555 0.832332
0.321679 1.05577
0.428502 0.645666
0.840682 1.11497
-2.25811 -1.89517
-0.0274327 0.231533
0.966435 0.722426
-1.92246 -1.68247
-0.252887 -0.823562
0.865827 0.770308
-1.07302 -0.764498
0.960589 0.921344
1.89245 1.78171
-1.56349 -1.28465
-1.15426 -1.63199
0.950837 1.17953
0.482838 1.52509
-0.138669 -0.761567
-0.451144 -1.2396
0.903365 0.712947
-0.118846 -0.54659
1.19066 0.254313
-1.42658 -1.70229
-0.628109 -1.16655
-0.40526 -1.06766
0.445141 0.785065
-0.649586 -0.324989
-0.69605 -0.402426
-1.84334 -0.969626
0.80467 1.56828
-1.29748 -0.872296
-0.0844368 -0.562332
0.453035 0.395457
0.587587 0.647071
0.612808 0.195509
0.492262 -0.524049
-0.594705 -0.501388
-0.235899 0.121635
-0.921934 -0.787402
-1.39586 -0.771273
2.113 1.22982
-0.121328 0.167922
0.887568 1.06037
-1.60939 -1.46834
0.38158 0.684384
0.0735536 0.339646
-0.684841 -1.49275
0.312527 0.161463
1.90862 1.08422
0.57752 -0.155155
0.160501 -0.150734
0.226607 -0.0386603
-0.586473 -0.022677
-1.34114 -1.7618
0.442638 0.819267
1.02139 0.327414
1.56201 1.2211
-0.0177096 0.457765
1.43042 1.57807
-0.183851 -0.782732
0.626114 0.406821
1.40198 0.343552
1.34009 1.25415
-1.01637 -0.70925
-1.80844 -1.01934
-0.6031 -0.401291
0.965209 1.37879
0.268587 -1.41348
-0.448566 -0.920742
-1.20285 -1.52655
0.522894 0.361439
-0.44131 -1.26851
-1.1262 -0.0206015
0.326211 -0.0291673
1.38783 1.03993
0.54117 0.865792
-1.08432 -1.06291
0.209551 -0.30125
-1.66956 -0.598038
-0.930187 -0.398236
-0.675457 -1.53731
-0.797759 -0.838473
-1.20782 -1.59881
0.135787 0.327264
-0.846389 -1.22635
-0.166204 -0.147816
-0.303589 -0.473144
-0.348235 0.234558
0.537337 0.771347
0.189782 0.0343641
0.348735 0.444798
1.60399 2.03681
-0.818643 -0.642555
-2.2195 -1.4251
1.79716 1.33778
-1.16851 -0.737929
-0.909237 -0.0501589
-0.193164 0.000889217
0.00886096 0.791659
-0.0925297 -0.661994
0.740782 0.726295
-0.96928 -1.44134
2.35403 2.56288
0.092003 0.732796
1.18597 1.39748
0.0200069 -0.108376
0.200626 0.575605
-0.345622 -0.633896
-1.10394 -0.916923
0.771079 0.537912
1.00257 1.57189
-1.6929 -1.4362
1.13851 1.34439
0.958788 1.70205
0.96795 1.08157
-0.528187 -0.13194
-0.507093 -0.90396
-0.465238 0.737276
-0.11248 0.0215468
1.57736 1.66453
-0.320377 0.118853
0.809546 0.275093
-0.26543 -0.29143
2.46523 2.01425
-0.395191 -0.806657
1.09155 1.5066
0.857025 1.36298
-0.733327 -0.398774
0.6106 1.05486
0.430977 0.420062
0.232822 0.977582
-0.861447 -0.509486
-1.34994 -1.27277
0.0845794 0.220286
0.213703 0.350096
-0.0705257 -0.141043
1.19926 1.4355
